6 9
10.70	7.24	15.79	2.01	49.48	14.87	52.32	4.6	71.10
11.16	7.18	13.59	1.92	49.94	15.12	43.19	4.4	62.36
11.20	7.26	15.24	1.95	50.49	15.25	48.04	4.2	67.47
11.27	7.25	14.49	2.01	50.45	14.82	46.61	3.3	54.63
11.39	6.89	12.34	1.89	50.71	15.63	40.59	3.9	49.86
11.60	6.94	12.80	1.89	50.31	15.16	38.85	4.8	57.30

6 2
6 10
4 11
5 8
3 3
2.8 2
1 1

7 5
12.69	12.85	13.20	13.61	13.51
1.86	1.80	1.83	1.80	1.74
15.80	16.23	14.20	15.23	14.76
22.56	23.65	23.10	23.92	23.93
7.27	6.71	6.68	6.25	6.32
45.66	42.56	44.54	42.78	47.46
128.51	126.12	124.20	132.24	127.90

10 6
11 4
8 5
3 3
2 2.8
1 1

1 10 6
2 11 4
1 8 5
2 3 3
1 2 2.8
2 1 1
91.361
1.380
7.259

10 6 1
11 4 2
8 5 1
3 3 2
2 2.8 1
1 1 2
95.029
3.613
1.358

